2102787937482252537
2102477340920152162
2102441708395041170
2102636308707287201
2103227982592831846
2102766871007436993
2103419787565216023
2103315922098470926
2103273003555402193
2103557735086428547
2102591147927654847
2103141339651350646
2102844654169575547
2102583898865873225
2102606609574941028
2102853258582880547
2102722719502704941
2103116235009347650
2102680453912449223
2102827887732932956
2103511590884815282
2102437977435893771
2102476258948927543
2102512879258009818
2102495989194236158
2102478640428773861
2102531681450119426
2102493303388475855
2102498589259821559
2102699703309898026
2103523994440012086
2102436464323661880
2102463453176979794
2102445641205248145
2102515055116063144
2102457111787745405
2102573127192727704
2102679018206052828
2102449278283313303
2102453658889953717
2102514581684052169
2102801274173587569
2103304514329854102
2102984873351037161
2103381720410333314
2102471841046786153
2102450239923720440
2102641562824135022
2102623690152419633
2102913101926731879
2102536138884092185
2103918792845963545
2103099194693271874
2102788223835463902
2102729710174196022
2102565403109085669
2102788371114246177
2102533729746882985
2102529695908806728
2102781807179735211
2102544196808667471
2103257687492374597
2103502454750920925
2102538762731565085
2103144530157687114
2102740078347087940
2103801834930606193
2102828216289566725
2103504887439065439
2102544406117286004
2102544078927741369
2103303303358534021
2103822946800165270
2102467667978572092
2103145567945986461
